1
500
2.0 -93.0
50.0 -3.0
67.0 39.0
52.0 4.0
-37.0 27.0
80.0 -61.0
-11.0 -57.0
4.0 41.0
-97.0 71.0
89.0 -17.0
-68.0 74.0
39.0 70.0
83.0 -87.0
94.0 -86.0
-86.0 -81.0
-24.0 1.0
43.0 -5.0
-98.0 -75.0
-2.0 -20.0
14.0 72.0
-39.0 -24.0
-49.0 66.0
-72.0 -60.0
81.0 -84.0
96.0 -87.0
100.0 82.0
94.0 -48.0
-65.0 16.0
-38.0 -44.0
61.0 -52.0
60.0 -40.0
-35.0 64.0
-80.0 13.0
-95.0 -29.0
84.0 -63.0
-95.0 -45.0
-57.0 78.0
-58.0 -52.0
-89.0 72.0
97.0 52.0
-99.0 78.0
-70.0 -94.0
-56.0 24.0
49.0 8.0
-72.0 25.0
-53.0 51.0
-46.0 -51.0
19.0 95.0
-45.0 8.0
-16.0 -11.0
-31.0 62.0
94.0 -36.0
76.0 34.0
14.0 -5.0
82.0 -85.0
80.0 -82.0
-43.0 88.0
-26.0 -89.0
-40.0 9.0
98.0 -7.0
85.0 70.0
-68.0 -63.0
-54.0 79.0
-58.0 -49.0
-82.0 -20.0
60.0 92.0
19.0 -18.0
84.0 -27.0
13.0 77.0
-44.0 -98.0
-54.0 66.0
69.0 2.0
-31.0 -49.0
-79.0 52.0
23.0 -57.0
90.0 100.0
-99.0 -100.0
56.0 -16.0
65.0 80.0
-24.0 -78.0
-92.0 91.0
-26.0 -78.0
-17.0 -85.0
46.0 82.0
84.0 -75.0
-8.0 -15.0
61.0 -86.0
-36.0 -78.0
54.0 42.0
-65.0 55.0
-86.0 97.0
10.0 0.0
81.0 85.0
-92.0 67.0
70.0 9.0
-38.0 -99.0
82.0 64.0
-62.0 -51.0
-84.0 -27.0
47.0 -41.0
-49.0 48.0
62.0 28.0
-91.0 -70.0
34.0 14.0
17.0 -99.0
-43.0 -60.0
3.0 27.0
-74.0 -38.0
43.0 67.0
72.0 75.0
-76.0 -7.0
-27.0 -80.0
25.0 -63.0
-17.0 -39.0
14.0 58.0
-21.0 26.0
82.0 98.0
26.0 -11.0
75.0 18.0
59.0 1.0
62.0 -100.0
-18.0 -67.0
-50.0 -46.0
85.0 57.0
61.0 25.0
-51.0 58.0
78.0 49.0
56.0 27.0
0.0 -77.0
62.0 62.0
-16.0 14.0
55.0 -15.0
25.0 67.0
-99.0 44.0
6.0 74.0
67.0 34.0
64.0 98.0
82.0 -11.0
-6.0 -27.0
-11.0 -33.0
-66.0 -94.0
-89.0 -49.0
-51.0 32.0
32.0 53.0
-28.0 52.0
-69.0 52.0
-26.0 -49.0
-69.0 82.0
-11.0 50.0
-26.0 -51.0
-42.0 -65.0
-24.0 -4.0
2.0 -2.0
98.0 -1.0
-77.0 6.0
-2.0 28.0
6.0 6.0
-81.0 -50.0
68.0 33.0
-81.0 -93.0
-62.0 99.0
58.0 98.0
-8.0 32.0
-94.0 -10.0
-86.0 89.0
7.0 -35.0
90.0 -86.0
-17.0 -29.0
-47.0 -16.0
0.0 41.0
-89.0 55.0
91.0 -55.0
5.0 15.0
86.0 -42.0
99.0 27.0
-65.0 -30.0
-59.0 -7.0
84.0 -3.0
-39.0 -44.0
-42.0 51.0
5.0 80.0
-94.0 1.0
81.0 43.0
-82.0 -32.0
42.0 0.0
75.0 56.0
23.0 -43.0
-2.0 -69.0
-67.0 21.0
63.0 29.0
3.0 67.0
-72.0 -42.0
-81.0 50.0
91.0 -60.0
-36.0 26.0
61.0 -17.0
-60.0 -69.0
-43.0 -58.0
40.0 62.0
69.0 -99.0
35.0 66.0
77.0 -76.0
26.0 -82.0
-73.0 -5.0
-14.0 86.0
62.0 85.0
100.0 92.0
37.0 36.0
-27.0 -12.0
19.0 -12.0
37.0 70.0
80.0 -57.0
95.0 65.0
83.0 -18.0
89.0 -71.0
73.0 -8.0
75.0 22.0
42.0 -83.0
52.0 59.0
11.0 -94.0
59.0 -56.0
-82.0 -30.0
68.0 -24.0
-89.0 95.0
-91.0 83.0
5.0 98.0
80.0 -3.0
93.0 -72.0
-37.0 -48.0
65.0 -92.0
-10.0 -51.0
24.0 96.0
-5.0 93.0
-40.0 -62.0
-66.0 -62.0
69.0 90.0
-21.0 -70.0
10.0 -81.0
-55.0 97.0
-46.0 60.0
-44.0 -13.0
-18.0 -6.0
71.0 36.0
40.0 54.0
-87.0 66.0
98.0 -92.0
74.0 65.0
-70.0 -2.0
1.0 -92.0
61.0 23.0
2.0 58.0
98.0 -12.0
-36.0 60.0
89.0 23.0
-34.0 68.0
78.0 -56.0
-77.0 -93.0
-70.0 25.0
-50.0 -21.0
-98.0 -83.0
-13.0 2.0
56.0 52.0
35.0 -42.0
-69.0 80.0
-43.0 13.0
-81.0 71.0
-3.0 8.0
48.0 89.0
-99.0 -80.0
81.0 66.0
-75.0 43.0
-69.0 -65.0
-26.0 74.0
100.0 83.0
-54.0 41.0
-29.0 31.0
-57.0 22.0
17.0 -7.0
36.0 -76.0
-19.0 -93.0
-1.0 -45.0
68.0 80.0
-57.0 -21.0
66.0 43.0
-90.0 -62.0
-91.0 61.0
-99.0 89.0
15.0 90.0
90.0 77.0
-53.0 -22.0
-49.0 31.0
-75.0 23.0
11.0 64.0
-33.0 42.0
94.0 -66.0
45.0 82.0
58.0 -62.0
-68.0 -91.0
90.0 -58.0
55.0 -1.0
-23.0 30.0
-76.0 -87.0
86.0 28.0
-4.0 85.0
45.0 -65.0
-85.0 -98.0
-42.0 70.0
-98.0 -9.0
68.0 81.0
-19.0 -8.0
-34.0 -86.0
36.0 53.0
91.0 88.0
6.0 72.0
76.0 25.0
-23.0 81.0
51.0 11.0
-76.0 -50.0
-70.0 -98.0
41.0 -77.0
38.0 -91.0
78.0 -19.0
22.0 -62.0
-53.0 74.0
-31.0 -76.0
-79.0 13.0
3.0 4.0
77.0 -89.0
-36.0 -72.0
63.0 39.0
-86.0 4.0
-52.0 -57.0
25.0 -32.0
-82.0 -5.0
62.0 -2.0
-73.0 -62.0
52.0 -82.0
-89.0 -67.0
-24.0 18.0
32.0 -69.0
83.0 18.0
-71.0 58.0
17.0 -68.0
-85.0 43.0
-20.0 17.0
-81.0 -98.0
-40.0 30.0
-5.0 -82.0
6.0 10.0
5.0 27.0
77.0 -35.0
-24.0 49.0
-65.0 34.0
54.0 -52.0
-9.0 -31.0
31.0 53.0
63.0 -41.0
1.0 52.0
85.0 -78.0
-86.0 36.0
-74.0 25.0
38.0 -87.0
-86.0 -26.0
31.0 -11.0
22.0 8.0
-94.0 52.0
-23.0 -37.0
-9.0 -92.0
53.0 79.0
-1.0 -79.0
40.0 -91.0
-34.0 82.0
72.0 -42.0
-82.0 -52.0
46.0 -49.0
-33.0 -24.0
-9.0 -27.0
41.0 34.0
79.0 21.0
53.0 -12.0
-6.0 -9.0
7.0 79.0
85.0 -21.0
42.0 -28.0
-30.0 6.0
-46.0 16.0
-100.0 11.0
-4.0 -50.0
30.0 -79.0
-11.0 -67.0
-18.0 53.0
-67.0 98.0
89.0 -58.0
-94.0 31.0
56.0 6.0
42.0 66.0
-11.0 82.0
-90.0 90.0
46.0 9.0
-47.0 45.0
28.0 -67.0
-81.0 73.0
-5.0 -89.0
92.0 68.0
-89.0 -79.0
96.0 -85.0
7.0 59.0
63.0 92.0
-20.0 -5.0
31.0 -82.0
-27.0 36.0
-55.0 43.0
-12.0 -44.0
-52.0 -3.0
-66.0 -34.0
-83.0 22.0
16.0 66.0
19.0 69.0
69.0 59.0
-67.0 16.0
64.0 -10.0
-61.0 63.0
-66.0 65.0
92.0 -43.0
-61.0 -25.0
-76.0 37.0
25.0 -43.0
-36.0 -30.0
-40.0 83.0
14.0 -21.0
73.0 77.0
47.0 -58.0
99.0 -17.0
-30.0 -4.0
55.0 -29.0
-25.0 16.0
-88.0 -4.0
29.0 65.0
-19.0 -47.0
63.0 -51.0
98.0 -65.0
-61.0 31.0
-6.0 -82.0
-90.0 -42.0
-66.0 85.0
-98.0 -64.0
-75.0 -50.0
-7.0 -49.0
35.0 53.0
39.0 47.0
-69.0 -59.0
-72.0 -34.0
-62.0 -62.0
-10.0 28.0
-33.0 -38.0
10.0 -17.0
-3.0 -74.0
21.0 66.0
18.0 -45.0
39.0 -47.0
73.0 -22.0
-67.0 -22.0
-46.0 23.0
-31.0 37.0
64.0 -48.0
0.0 37.0
48.0 -55.0
-95.0 -91.0
-1.0 -90.0
-24.0 17.0
94.0 47.0
-43.0 40.0
-66.0 81.0
-16.0 5.0
-94.0 -86.0
100.0 -67.0
-32.0 -76.0
-86.0 12.0
29.0 36.0
82.0 -57.0
-72.0 -75.0
-56.0 -33.0
99.0 -49.0
13.0 -28.0
-34.0 -76.0
93.0 30.0
-94.0 -7.0
-22.0 -87.0
-40.0 46.0
-42.0 -5.0
-71.0 -32.0
-50.0 -75.0
-24.0 -15.0
-13.0 -53.0
63.0 37.0
-16.0 -6.0
77.0 14.0
1.0 -24.0
-54.0 86.0
23.0 87.0
