1
1000
-213.0 398.0
343.0 -631.0
20.0 645.0
669.0 423.0
852.0 -114.0
-784.0 20.0
-366.0 -572.0
405.0 204.0
998.0 -424.0
662.0 -944.0
789.0 -399.0
693.0 -101.0
-607.0 -472.0
-916.0 440.0
854.0 -24.0
-342.0 -105.0
239.0 -470.0
-323.0 -535.0
-550.0 294.0
-206.0 611.0
-871.0 829.0
924.0 -83.0
-189.0 -766.0
472.0 79.0
139.0 717.0
-36.0 771.0
805.0 92.0
-72.0 194.0
820.0 103.0
-336.0 601.0
590.0 626.0
-494.0 -175.0
-40.0 995.0
-716.0 -947.0
-155.0 -272.0
365.0 187.0
288.0 -424.0
-604.0 416.0
-216.0 -636.0
203.0 -432.0
28.0 -1.0
789.0 556.0
-317.0 156.0
-563.0 829.0
634.0 -997.0
-5.0 909.0
-594.0 368.0
753.0 232.0
829.0 -198.0
463.0 758.0
-128.0 318.0
-763.0 -668.0
141.0 226.0
-378.0 886.0
38.0 -656.0
860.0 774.0
229.0 404.0
88.0 -19.0
-86.0 -665.0
-469.0 -15.0
472.0 -436.0
-261.0 889.0
-29.0 295.0
-235.0 669.0
926.0 -815.0
889.0 76.0
356.0 564.0
-673.0 27.0
-933.0 -377.0
-411.0 65.0
507.0 -942.0
-113.0 142.0
-296.0 -282.0
-373.0 847.0
-15.0 -225.0
547.0 926.0
172.0 477.0
-268.0 449.0
997.0 -665.0
672.0 -526.0
194.0 -634.0
313.0 216.0
-84.0 978.0
632.0 243.0
-844.0 -847.0
-924.0 -665.0
224.0 -231.0
716.0 -200.0
-993.0 749.0
248.0 -203.0
696.0 58.0
686.0 374.0
33.0 431.0
-356.0 -658.0
-415.0 517.0
-747.0 -688.0
391.0 175.0
-437.0 444.0
-102.0 454.0
548.0 -13.0
-239.0 -25.0
260.0 -196.0
115.0 89.0
65.0 621.0
441.0 -63.0
-870.0 136.0
-716.0 -516.0
-665.0 -488.0
244.0 -889.0
687.0 948.0
486.0 -160.0
299.0 -655.0
841.0 -811.0
-491.0 -475.0
-951.0 -737.0
892.0 599.0
-430.0 -509.0
394.0 -767.0
-187.0 -886.0
-731.0 621.0
304.0 557.0
903.0 -856.0
223.0 -446.0
-800.0 794.0
224.0 676.0
395.0 254.0
688.0 -318.0
306.0 231.0
753.0 -516.0
419.0 -886.0
236.0 -838.0
176.0 -780.0
-451.0 638.0
-120.0 -945.0
908.0 796.0
655.0 -250.0
-982.0 684.0
660.0 480.0
-12.0 -855.0
-922.0 875.0
-72.0 401.0
932.0 -573.0
-287.0 364.0
983.0 316.0
724.0 -721.0
-560.0 -40.0
-247.0 -573.0
340.0 349.0
308.0 885.0
-614.0 875.0
-632.0 -20.0
-180.0 206.0
-21.0 206.0
-488.0 192.0
-656.0 245.0
-549.0 178.0
-184.0 -202.0
724.0 -345.0
61.0 501.0
-47.0 984.0
152.0 -696.0
325.0 -83.0
-280.0 211.0
568.0 -229.0
-371.0 590.0
623.0 649.0
-482.0 987.0
-687.0 -233.0
-865.0 -710.0
-103.0 -49.0
210.0 -613.0
238.0 -146.0
567.0 -180.0
-331.0 -885.0
430.0 -151.0
-345.0 -122.0
-528.0 -5.0
-340.0 -110.0
430.0 16.0
748.0 522.0
531.0 -848.0
246.0 -524.0
-474.0 -84.0
733.0 512.0
570.0 -978.0
-693.0 -309.0
944.0 430.0
528.0 -542.0
491.0 954.0
534.0 -995.0
-393.0 -245.0
-180.0 143.0
-791.0 -480.0
-173.0 -538.0
-386.0 -881.0
281.0 936.0
-930.0 -525.0
-340.0 -997.0
189.0 -922.0
109.0 155.0
-191.0 -887.0
590.0 -930.0
61.0 -942.0
-160.0 -2.0
-459.0 324.0
156.0 384.0
-549.0 -730.0
-830.0 192.0
922.0 -998.0
106.0 -132.0
709.0 -562.0
664.0 505.0
-376.0 18.0
-667.0 873.0
-933.0 -44.0
132.0 -424.0
-432.0 968.0
523.0 -964.0
236.0 21.0
509.0 907.0
-516.0 -901.0
-821.0 43.0
464.0 -137.0
-741.0 -604.0
163.0 650.0
-859.0 -57.0
-269.0 474.0
392.0 -402.0
-65.0 -306.0
324.0 897.0
169.0 -55.0
-707.0 30.0
848.0 -756.0
430.0 -890.0
735.0 816.0
620.0 -966.0
760.0 -716.0
-474.0 -949.0
590.0 -613.0
831.0 131.0
-133.0 -243.0
290.0 866.0
-939.0 -660.0
219.0 887.0
371.0 587.0
-3.0 -860.0
-720.0 205.0
-630.0 361.0
598.0 -477.0
738.0 -628.0
-622.0 323.0
975.0 -875.0
588.0 -856.0
-74.0 937.0
330.0 -877.0
268.0 -191.0
-655.0 -855.0
-69.0 49.0
-713.0 879.0
-189.0 -638.0
954.0 876.0
-517.0 140.0
-601.0 -504.0
145.0 406.0
-792.0 -388.0
-375.0 -152.0
-287.0 -630.0
646.0 -309.0
-561.0 496.0
-31.0 285.0
-819.0 -804.0
130.0 994.0
-996.0 1.0
477.0 -619.0
-620.0 -432.0
389.0 378.0
30.0 -296.0
833.0 725.0
-981.0 418.0
-382.0 282.0
427.0 289.0
-235.0 852.0
393.0 200.0
485.0 -774.0
-348.0 410.0
-135.0 514.0
778.0 -830.0
-110.0 -404.0
144.0 -650.0
-527.0 978.0
842.0 -650.0
-957.0 583.0
854.0 -228.0
-901.0 966.0
989.0 -109.0
150.0 755.0
871.0 -134.0
96.0 891.0
296.0 -347.0
814.0 -147.0
915.0 -930.0
947.0 -894.0
-7.0 -303.0
-93.0 859.0
725.0 692.0
-366.0 -3.0
-261.0 -412.0
-280.0 249.0
-594.0 -673.0
-3.0 -643.0
-613.0 840.0
78.0 783.0
565.0 -391.0
-654.0 -666.0
365.0 881.0
-986.0 -701.0
165.0 -329.0
83.0 -26.0
473.0 408.0
-396.0 -521.0
-809.0 -208.0
781.0 -873.0
-756.0 -350.0
653.0 420.0
-738.0 538.0
-844.0 -292.0
241.0 -692.0
-828.0 -893.0
537.0 -534.0
50.0 662.0
427.0 -840.0
271.0 -614.0
201.0 -802.0
297.0 45.0
120.0 501.0
-625.0 426.0
-345.0 279.0
669.0 952.0
128.0 -666.0
638.0 -665.0
689.0 402.0
816.0 -526.0
-830.0 -246.0
880.0 195.0
-947.0 11.0
-21.0 -457.0
-734.0 858.0
618.0 985.0
576.0 662.0
948.0 -521.0
-656.0 -460.0
63.0 -439.0
413.0 -113.0
42.0 -487.0
-612.0 -835.0
323.0 -770.0
746.0 750.0
-907.0 835.0
-467.0 -456.0
-488.0 1.0
-830.0 275.0
477.0 -926.0
-926.0 -156.0
634.0 -202.0
-220.0 -471.0
523.0 590.0
518.0 -565.0
971.0 258.0
190.0 26.0
-407.0 800.0
756.0 -69.0
-708.0 -744.0
-171.0 312.0
-868.0 -764.0
844.0 -775.0
351.0 -437.0
-103.0 -587.0
217.0 -593.0
345.0 -805.0
12.0 -146.0
549.0 561.0
834.0 370.0
-434.0 -417.0
-447.0 635.0
661.0 282.0
-926.0 -61.0
848.0 -100.0
422.0 -325.0
557.0 955.0
967.0 -513.0
783.0 692.0
-317.0 -893.0
466.0 -820.0
752.0 55.0
650.0 493.0
227.0 699.0
-655.0 -780.0
-79.0 339.0
-316.0 865.0
-668.0 59.0
543.0 -359.0
-658.0 -240.0
126.0 146.0
99.0 610.0
-528.0 -812.0
-557.0 -629.0
-737.0 -998.0
-737.0 46.0
983.0 28.0
-398.0 -288.0
937.0 21.0
927.0 607.0
516.0 -213.0
-997.0 304.0
-364.0 355.0
-668.0 -802.0
743.0 488.0
888.0 563.0
612.0 -977.0
-473.0 -661.0
-783.0 696.0
-542.0 -693.0
179.0 961.0
-370.0 -328.0
-856.0 935.0
-953.0 291.0
-418.0 422.0
624.0 270.0
256.0 5.0
-557.0 347.0
610.0 -933.0
-601.0 705.0
-726.0 280.0
780.0 -541.0
460.0 94.0
-883.0 874.0
19.0 730.0
-490.0 196.0
684.0 561.0
348.0 -62.0
690.0 -939.0
-523.0 420.0
23.0 -602.0
-546.0 -971.0
16.0 657.0
-105.0 588.0
248.0 -712.0
-989.0 -928.0
-346.0 494.0
569.0 170.0
934.0 363.0
-103.0 -286.0
99.0 332.0
-841.0 -218.0
591.0 -288.0
-230.0 133.0
603.0 665.0
-979.0 -526.0
-166.0 -861.0
250.0 -796.0
-862.0 592.0
10.0 -513.0
316.0 299.0
-882.0 199.0
-241.0 -776.0
418.0 527.0
503.0 -737.0
40.0 918.0
-392.0 -10.0
177.0 -735.0
-485.0 499.0
969.0 697.0
-480.0 512.0
-235.0 231.0
-275.0 -734.0
670.0 -221.0
989.0 -51.0
-962.0 -428.0
-902.0 -663.0
-12.0 703.0
-451.0 -765.0
-993.0 926.0
-591.0 -47.0
337.0 656.0
-723.0 314.0
-399.0 -802.0
361.0 -593.0
281.0 463.0
-810.0 -734.0
156.0 -490.0
-336.0 -501.0
598.0 837.0
-446.0 611.0
-299.0 363.0
-647.0 935.0
220.0 -918.0
884.0 -966.0
-347.0 336.0
-289.0 816.0
-569.0 -841.0
-893.0 -966.0
541.0 479.0
31.0 548.0
804.0 135.0
-281.0 468.0
-282.0 -151.0
497.0 369.0
-498.0 62.0
618.0 -865.0
-449.0 -334.0
802.0 -566.0
-397.0 -68.0
431.0 -531.0
-324.0 -301.0
-976.0 863.0
-883.0 135.0
306.0 -231.0
-156.0 -852.0
-77.0 114.0
-767.0 247.0
-1.0 -766.0
-717.0 582.0
-592.0 255.0
-126.0 -907.0
979.0 -404.0
235.0 -686.0
101.0 449.0
593.0 617.0
-239.0 987.0
360.0 450.0
-70.0 691.0
-370.0 -582.0
-841.0 524.0
887.0 -745.0
341.0 967.0
-329.0 -977.0
-35.0 -547.0
905.0 -802.0
-744.0 901.0
-267.0 100.0
466.0 811.0
104.0 449.0
900.0 700.0
150.0 183.0
745.0 -804.0
-13.0 556.0
-84.0 913.0
-528.0 107.0
-2.0 -730.0
-424.0 -969.0
-727.0 -153.0
610.0 732.0
824.0 -312.0
736.0 -209.0
-908.0 -158.0
-5.0 -766.0
-36.0 314.0
-102.0 544.0
154.0 -259.0
-592.0 85.0
-733.0 611.0
-288.0 -135.0
-233.0 -31.0
-313.0 -284.0
-933.0 26.0
-85.0 567.0
-382.0 -352.0
-734.0 152.0
-603.0 442.0
352.0 -6.0
-728.0 575.0
-237.0 -418.0
-431.0 -348.0
931.0 -787.0
-203.0 -228.0
270.0 37.0
-922.0 414.0
741.0 655.0
401.0 -535.0
-136.0 -69.0
-85.0 953.0
-888.0 828.0
-935.0 378.0
538.0 -97.0
-564.0 -860.0
-33.0 830.0
274.0 85.0
-840.0 -649.0
91.0 54.0
373.0 196.0
838.0 -755.0
-155.0 615.0
766.0 942.0
530.0 579.0
-655.0 -715.0
-780.0 410.0
498.0 569.0
195.0 710.0
-479.0 -320.0
-93.0 105.0
-474.0 -252.0
275.0 -420.0
185.0 -875.0
501.0 461.0
819.0 -972.0
-957.0 911.0
-455.0 -770.0
-880.0 -546.0
956.0 613.0
-59.0 -912.0
-813.0 844.0
614.0 878.0
-787.0 -346.0
708.0 -969.0
943.0 571.0
-86.0 -507.0
-947.0 -814.0
248.0 954.0
618.0 164.0
59.0 240.0
-221.0 -158.0
4.0 753.0
-545.0 829.0
91.0 -885.0
52.0 -265.0
535.0 -732.0
-929.0 -801.0
-501.0 -423.0
-782.0 571.0
-321.0 755.0
727.0 -514.0
164.0 632.0
-406.0 872.0
-558.0 -875.0
-119.0 -62.0
-62.0 -861.0
296.0 368.0
-430.0 657.0
392.0 356.0
-796.0 790.0
-328.0 -367.0
893.0 -902.0
-448.0 752.0
-643.0 12.0
590.0 -506.0
-350.0 -117.0
391.0 -127.0
-16.0 -682.0
-434.0 -567.0
-687.0 -810.0
689.0 230.0
-806.0 478.0
217.0 -773.0
-621.0 775.0
-611.0 774.0
571.0 -683.0
599.0 321.0
-822.0 -725.0
-45.0 239.0
4.0 331.0
763.0 -326.0
108.0 773.0
815.0 16.0
977.0 25.0
554.0 547.0
-381.0 -1.0
754.0 50.0
699.0 503.0
307.0 -887.0
348.0 101.0
-187.0 -322.0
384.0 -728.0
-91.0 -962.0
728.0 727.0
-557.0 60.0
-147.0 -693.0
521.0 -619.0
282.0 -897.0
-887.0 7.0
970.0 591.0
156.0 -916.0
-848.0 -395.0
-620.0 185.0
-750.0 -964.0
-845.0 -853.0
-359.0 551.0
-473.0 -708.0
77.0 510.0
-668.0 777.0
-435.0 -503.0
421.0 -380.0
-419.0 630.0
591.0 -543.0
238.0 493.0
62.0 -143.0
84.0 14.0
76.0 681.0
-869.0 219.0
542.0 -970.0
-372.0 -176.0
576.0 -294.0
-439.0 369.0
-747.0 745.0
-29.0 254.0
153.0 67.0
44.0 -926.0
941.0 -323.0
-937.0 -679.0
-360.0 488.0
801.0 552.0
-587.0 -419.0
432.0 779.0
318.0 472.0
149.0 920.0
-669.0 -91.0
-31.0 231.0
669.0 -377.0
913.0 247.0
263.0 326.0
913.0 493.0
138.0 884.0
-997.0 403.0
491.0 883.0
-38.0 -823.0
-872.0 -62.0
743.0 722.0
-944.0 717.0
-612.0 421.0
592.0 477.0
-466.0 893.0
-758.0 -539.0
561.0 -563.0
-572.0 -180.0
-462.0 809.0
778.0 -300.0
851.0 -498.0
633.0 787.0
585.0 -324.0
-635.0 695.0
-384.0 150.0
157.0 -127.0
-457.0 -976.0
-509.0 -212.0
131.0 -864.0
-848.0 467.0
841.0 834.0
-929.0 -188.0
977.0 170.0
65.0 124.0
434.0 -263.0
586.0 692.0
-160.0 571.0
425.0 50.0
197.0 320.0
222.0 55.0
-990.0 -218.0
-676.0 4.0
674.0 -122.0
443.0 -486.0
762.0 612.0
-276.0 355.0
-725.0 397.0
-257.0 -690.0
-207.0 -885.0
355.0 -499.0
-65.0 -219.0
236.0 268.0
-690.0 114.0
-397.0 118.0
-670.0 761.0
-424.0 -201.0
-499.0 34.0
-642.0 228.0
385.0 912.0
87.0 -948.0
550.0 -63.0
350.0 -623.0
-470.0 769.0
-661.0 134.0
261.0 -443.0
931.0 -568.0
-38.0 668.0
-941.0 -817.0
622.0 222.0
-735.0 -117.0
-46.0 979.0
-853.0 66.0
778.0 55.0
-642.0 454.0
-954.0 380.0
32.0 -894.0
366.0 993.0
862.0 -86.0
-377.0 -659.0
28.0 -966.0
46.0 -760.0
-59.0 -757.0
765.0 -375.0
-742.0 6.0
74.0 -865.0
-416.0 -565.0
949.0 -866.0
747.0 -111.0
-903.0 -900.0
435.0 -631.0
-631.0 -22.0
762.0 -721.0
-191.0 -618.0
-501.0 930.0
-884.0 313.0
702.0 -399.0
664.0 419.0
351.0 906.0
466.0 -419.0
-975.0 -774.0
-193.0 221.0
-898.0 352.0
111.0 -120.0
-23.0 743.0
866.0 666.0
-917.0 -725.0
-26.0 847.0
95.0 -587.0
-897.0 574.0
611.0 988.0
-988.0 208.0
483.0 -633.0
368.0 -127.0
-789.0 974.0
-454.0 880.0
-633.0 695.0
179.0 -920.0
-793.0 -291.0
-765.0 846.0
-674.0 -954.0
127.0 -539.0
-727.0 311.0
-910.0 -905.0
944.0 -466.0
397.0 -859.0
-112.0 -843.0
-862.0 966.0
-509.0 751.0
442.0 806.0
-504.0 195.0
55.0 577.0
-501.0 17.0
39.0 -213.0
-756.0 860.0
16.0 -94.0
-839.0 191.0
245.0 705.0
-675.0 -15.0
-552.0 722.0
729.0 101.0
-815.0 761.0
978.0 375.0
814.0 -991.0
-263.0 919.0
-368.0 354.0
-721.0 -840.0
870.0 913.0
66.0 -628.0
535.0 -610.0
-139.0 -967.0
-973.0 340.0
362.0 735.0
-691.0 397.0
308.0 748.0
240.0 -123.0
-949.0 -727.0
65.0 -80.0
-888.0 183.0
-586.0 615.0
-694.0 675.0
289.0 389.0
664.0 -696.0
-628.0 668.0
-452.0 -818.0
872.0 -407.0
213.0 -1.0
-648.0 -230.0
842.0 -531.0
-576.0 449.0
-588.0 199.0
-210.0 190.0
612.0 803.0
-942.0 -125.0
-682.0 -837.0
-407.0 491.0
-611.0 -262.0
241.0 978.0
-10.0 -814.0
771.0 -317.0
208.0 -427.0
154.0 955.0
-815.0 784.0
-682.0 -116.0
503.0 -378.0
175.0 -147.0
552.0 -713.0
-241.0 1.0
23.0 -63.0
-725.0 907.0
16.0 656.0
-921.0 -257.0
-17.0 -299.0
871.0 -304.0
-93.0 511.0
-885.0 -559.0
217.0 -838.0
789.0 16.0
479.0 -163.0
-65.0 -341.0
442.0 -752.0
-362.0 961.0
-267.0 335.0
-321.0 951.0
776.0 -208.0
-42.0 -745.0
-305.0 782.0
837.0 587.0
-104.0 5.0
-230.0 -42.0
-282.0 232.0
313.0 -721.0
-972.0 414.0
-286.0 384.0
-307.0 -131.0
-733.0 -404.0
-73.0 -34.0
943.0 -763.0
199.0 -121.0
-832.0 -72.0
468.0 -436.0
-623.0 244.0
382.0 511.0
724.0 990.0
624.0 98.0
-927.0 -358.0
-552.0 703.0
-364.0 802.0
-764.0 -53.0
934.0 -852.0
-150.0 308.0
683.0 -346.0
971.0 -790.0
-66.0 -101.0
-26.0 581.0
446.0 801.0
464.0 -278.0
-273.0 -103.0
402.0 831.0
160.0 -786.0
134.0 651.0
781.0 -588.0
-504.0 -770.0
609.0 -990.0
518.0 -916.0
-286.0 62.0
-217.0 258.0
-953.0 582.0
-770.0 788.0
-247.0 -31.0
743.0 315.0
-624.0 -117.0
255.0 -645.0
-66.0 -852.0
238.0 570.0
46.0 477.0
220.0 824.0
960.0 143.0
-916.0 251.0
-630.0 -390.0
636.0 429.0
339.0 -386.0
949.0 -480.0
-770.0 -597.0
-587.0 -847.0
598.0 -448.0
244.0 915.0
-210.0 601.0
-218.0 660.0
688.0 -114.0
-901.0 -408.0
551.0 -393.0
-490.0 990.0
452.0 257.0
-731.0 261.0
507.0 -400.0
-802.0 -674.0
-445.0 888.0
-441.0 -181.0
999.0 -817.0
-892.0 -445.0
457.0 -591.0
304.0 -50.0
414.0 -873.0
-156.0 840.0
824.0 431.0
