1
50
86.0 -39.0
20.0 -60.0
-78.0 11.0
-32.0 82.0
41.0 -35.0
-74.0 85.0
-92.0 -73.0
63.0 -10.0
-15.0 -27.0
-89.0 -62.0
-69.0 -18.0
25.0 18.0
-3.0 -66.0
-10.0 51.0
-98.0 -74.0
66.0 -93.0
-100.0 -73.0
78.0 59.0
4.0 -93.0
11.0 67.0
-64.0 -2.0
-89.0 -69.0
-58.0 57.0
-7.0 58.0
-55.0 28.0
-22.0 -62.0
-15.0 9.0
61.0 -38.0
-37.0 97.0
15.0 -81.0
38.0 -51.0
23.0 -81.0
-27.0 96.0
-91.0 -98.0
-69.0 28.0
-39.0 45.0
-88.0 2.0
2.0 -90.0
-79.0 -3.0
14.0 22.0
3.0 -47.0
-92.0 -100.0
-100.0 -85.0
-91.0 -10.0
-73.0 8.0
51.0 22.0
8.0 -20.0
-11.0 -88.0
-9.0 40.0
-35.0 -41.0